list(x = c(-86.707574896326, -85.872206409461, -84.5231903181962, 
-83.2648504455767, -81.7326849797613, -80.2182815476288, -78.4950878285086, 
-78.5330308498778, -87.6260171749683, -87.6574635770138), y = c(11.6208960789531, 
10.5012444881762, 9.72912040920545, 8.73165979193731, 8.24234979299275, 
8.42986856630479, 8.66749246506679, 4.38391381777738, 4.39067186603289, 
11.6462216941328))
