list(longitude = c(-86.7, -85.87, -84.52, -83.26, -81.73, -80.21, 
-78.49, -78.53, -87.62, -87.65, -86.7), latitude = c(11.62, 10.5, 
9.72, 8.73, 8.24, 8.42, 8.66, 4.38, 4.39, 11.64, 11.62))
